61
299
473
456
54
323
311
106
55
239
307
390
492
25
170
157
411
305
141
443
202
475
57
294
11
100
252
483
181
11
271
380
169
243
406
77
257
172
383
278
272
450
409
72
266
480
56
436
76
258
209
482
276
318
331
245
221
306
5
411
223
39
404
392
19
448
263
318
117
458
351
297
418
126
332
158
495
406
69
194
460
313
241
465
324
123
44
110
459
214
447
325
135
363
489
108
86
358
61
449
245
54
371
286
212
381
133
331
372
477
298
384
236
360
363
169
155
7
125
84
166
49
454
435
296
447
462
74
26
483
440
276
437
51
122
493
369
308
203
406
171
292
451
318
316
12
255
355
472
57
77
219
213
64
153
81
464
415
341
254
390
350
443
158
224
481
127
196
444
444
7
136
376
298
399
172
276
33
53
392
21
415
366
157
15
37
289
15
416
315
454
138
217
287
101
452
247
182
334
29
155
62
328
236
421
237
369
349
380
391
151
138
171
66
95
382
326
304
108
235
255
91
208
444
151
268
335
196
172
392
96
392
416
176
494
459
259
323
403
184
443
148
53
441
44
8
142
28
43
187
244
31
372
439
426
417
32
60
499
63
286
265
499
392
500
469
274
94
496
85
437
28
322
38
478
375
51
251
60
223
329
316
492
152
396
128
270
54
397
113
9
386
325
365
358
489
235
470
490
27
189
199
163
365
464
215
95
203
122
19
379
69
128
283
423
324
184
248
420
350
440
410
25
438
431
277
439
331
272
265
218
84
455
122
12
317
449
375
80
25
155
296
390
475
301
89
338
287
458
227
254
43
297
158
451
373
119
489
420
352
82
271
120
100
46
328
343
482
272
332
81
198
147
289
253
45
23
307
393
418
81
69
93
82
87
489
214
198
414
36
412
317
178
230
70
16
11
453
282
50
424
468
243
20
422
9
415
449
46
417
482
32
301
290
356
1
4
132
411
448
196
304
305
294
344
136
490
234
94
445
481
114
102
2
465
452
180
236
50
452
339
89
263
94
28
465
340
455
424
85
478
308
334
258
272
263
187
468
158
167
498
344
467
350
161
238
109
165
171
153
67
198
66
178
207
292
108
385
240
398
376
193
200
324
269
100
7
132
57
25
461
137
292
246
352
39
428
162
111
445
195
100
97
170
412
295
147
397
89
3
471
175
196
109
178
99
329
178
64
173
256
449
185
175
347
119
22
165
436
43
246
161
440
263
446
154
29
325
408
68
448
330
238
241
454
421
123
443
492
258
157
294
175
359
151
18
266
35
356
483
175
204
198
365
456
202
119
439
4
175
276
240
382
274
61
9
12
251
460
327
154
460
107
360
136
251
243
367
407
256
466
217
23
265
190
207
217
173
287
229
497
85
457
275
449
139
174
21
252
79
294
71
178
84
215
411
96
202
72
349
200
325
115
30
405
400
11
155
301
292
45
415
407
374
269
114
273
143
420
461
487
404
237
366
456
469
221
340
402
73
375
285
314
409
55
149
255
219
99
447
238
123
95
186
194
89
430
210
396
218
219
492
237
258
63
350
388
62
63
489
460
380
442
38
69
391
75
306
231
124
156
362
187
440
48
5
110
65
276
295
347
310
139
242
103
500
68
410
391
198
199
39
487
396
303
50
243
253
450
49
301
308
56
460
300
121
334
45
425
254
216
61
368
283
458
157
61
144
403
383
297
7
302
492
89
394
404
229
418
116
65
446
108
353
410
68
78
258
246
211
236
239
479
200
35
137
59
48
218
259
337
165
430
22
294
13
321
500
163
351
467
147
81
463
36
231
475
237
438
254
294
366
295
322
422
267
241
7
113
159
368
117
407
167
423
388
329
371
25
433
340
176
155
77
134
295
238
45
171
34
272
328
114
74
163
276
325
496
103
146
215
316
396
348
322
47
431
299
199
68
183
15
89
488
89
440
228
451
213
35
31
483
253
154
343
283
407
254
327
374
460
113
172
173
19
462
322
212
333
145
264
27
351
20
228
21
479
308
125
99
227
51
328
450
288
261
77
235
130
2
42
222
430
458
307
154
7
475
40
326
59
364
371
219
310
474
476
259
146
457
59
149
10
305
51
385
62
444
14
328
273
416
202
140
487
250
406
201
57
413
135
105
177
490
108
259
126
237
459
437
177
211
296
287
8
135
354
344
23
27
87
302
232
157
285
265
380
486
103
474
409
312
422
235
492
333
171
178
86
149
53
240
174
25
442
12
309
424
435
64
291
393
63
127
271
45
236
454
211
470
95
189
195
25
14
353
323
440
481
276
