498
206
281
49
165
29
184
284
452
191
119
471
495
144
414
469
79
352
334
487
460
380
193
97
15
38
82
322
105
281
177
151
383
20
285
111
399
141
374
33
179
286
256
35
452
381
442
461
388
500
192
124
464
279
92
378
392
491
164
442
397
103
7
112
194
233
398
5
237
277
221
370
287
351
72
309
436
392
368
490
88
115
55
124
73
294
439
419
464
390
98
30
473
144
353
426
336
214
160
189
21
237
229
279
359
51
258
262
197
461
394
142
160
272
119
54
169
191
374
41
176
418
17
340
441
192
99
284
230
54
329
18
350
405
146
220
25
406
188
69
394
467
376
254
338
162
389
209
267
221
158
64
342
54
96
337
384
98
480
344
267
1
69
483
210
45
88
497
76
3
67
116
46
122
74
29
154
446
84
4
125
36
411
131
137
109
246
468
406
126
306
201
47
256
443
45
402
201
14
150
250
80
212
31
184
409
361
462
228
184
441
20
97
6
72
261
200
231
297
430
308
499
197
185
491
448
114
404
466
221
370
68
493
288
16
392
291
227
145
108
212
473
172
85
381
38
126
356
448
179
206
17
219
460
420
185
339
303
109
473
457
174
300
352
42
187
162
145
85
217
147
71
376
480
289
234
482
446
353
382
296
214
295
295
261
28
38
58
237
98
387
192
409
80
213
162
435
82
410
18
353
300
153
220
294
167
186
129
499
79
471
258
458
423
57
252
214
178
328
140
404
83
332
101
279
156
53
299
466
415
337
217
416
309
3
153
302
87
116
391
327
85
374
226
169
119
438
497
146
74
302
66
180
95
235
406
74
394
383
304
79
46
230
384
424
58
446
169
214
109
168
144
147
149
332
478
88
188
382
255
340
241
434
354
407
140
464
371
210
45
165
112
476
109
432
141
443
290
137
480
495
393
468
226
13
136
248
330
490
22
272
439
51
33
333
22
394
388
287
83
327
231
142
398
119
461
123
352
342
259
158
357
289
52
407
454
32
456
370
132
447
179
95
288
260
487
180
165
259
45
253
485
435
483
90
248
94
443
336
273
9
81
242
22
31
45
284
195
200
253
377
450
11
104
29
306
457
302
54
413
276
431
475
66
18
150
133
423
353
145
179
106
340
284
146
7
26
52
453
322
260
88
354
228
401
436
387
68
129
399
317
84
389
417
380
208
373
371
166
359
81
244
205
359
432
497
162
426
337
51
384
65
253
104
323
95
342
182
255
326
107
30
274
282
301
91
416
44
297
125
191
376
427
98
169
474
130
59
32
188
264
441
184
480
455
302
164
146
296
475
329
84
418
464
90
222
46
232
226
51
216
328
130
206
216
133
320
116
46
193
388
492
389
497
340
111
409
275
34
436
110
318
457
311
284
491
373
440
487
343
12
223
201
79
79
48
343
198
184
370
27
34
84
10
20
339
8
399
254
333
431
392
404
330
29
118
133
69
352
89
120
61
381
446
82
282
140
474
347
294
424
13
329
175
274
41
332
450
45
220
431
205
470
112
208
284
453
56
206
279
43
289
478
89
76
499
282
272
389
64
157
303
396
419
285
210
286
487
458
447
195
334
414
489
381
434
224
85
402
374
250
130
137
206
482
269
50
446
417
324
425
133
241
266
204
23
462
283
57
411
117
344
203
221
479
249
135
269
451
239
238
201
267
31
49
178
188
259
388
218
439
180
270
489
337
364
457
379
39
121
36
157
368
74
215
382
178
61
153
143
47
70
168
274
88
33
243
133
454
462
348
477
381
443
234
398
300
495
30
47
374
167
427
190
238
35
194
336
469
372
211
258
435
371
477
314
307
66
178
7
286
391
240
156
465
282
334
101
251
140
42
310
415
239
412
20
425
304
296
346
170
257
418
409
113
39
478
262
321
15
229
193
458
276
495
14
275
32
284
41
174
46
458
49
68
318
435
87
381
124
13
390
122
340
129
47
219
105
192
437
424
24
340
220
451
340
375
20
135
159
290
380
10
50
144
88
361
88
404
242
199
200
6
362
293
75
12
468
230
374
407
409
70
74
374
195
148
444
367
169
96
178
150
413
222
54
427
120
37
203
88
486
34
142
74
233
494
286
165
397
107
84
404
109
235
486
213
192
85
111
260
19
19
170
283
228
407
460
187
246
39
155
400
318
420
77
119
486
8
393
78
239
449
325
202
1
259
456
493
193
474
119
2
352
285
428
175
348
181
489
491
321
328
320
325
394
429
348
412
42
122
176
332
407
315
172
188
115
164
139
42
258
203
241
483
49
10
174
230
310
